0.794205043317 0.00457320147272 0.70016633036
0.240071989445 0.370542188702 0.496390725916
0.297300067268 0.79997291297 0.0245168183271
0.0460065810291 0.645182427227 0.126682732773
0.6938865132 0.431903439563 0.153148742036
0.606792096445 0.358433126848 0.99364736914
0.676778768891 0.958211809334 0.454017740409
0.69963302027 0.117846080755 0.92702057512
0.875430842534 0.117519725279 0.697189852202
0.861816736761 0.811156777443 0.0359559287525
0.488568167044 0.563919043995 0.392042811983
0.172282345046 0.250074316506 0.612151525031
0.287820064667 0.26739307841 0.973603676771
0.499530657289 0.68159281991 0.695007842686
0.752321520111 0.534332422395 0.618122963936
0.833063647454 0.795030489242 0.999980421212
0.800711849305 0.713151985992 0.00593507863391
0.522161714649 0.871370631177 0.311646247801
0.293473715829 0.0956157294783 0.122239199169
0.943018428 0.142228200849 0.290123607719
0.699860746571 0.715295414365 0.673451735894
0.605485021087 0.0311925303407 0.634259998296
0.0189551829361 0.965910756891 0.802789545944
0.20907259092 0.849912213573 0.908099714956
0.418146213318 0.942540850203 0.613945858851
0.485882290699 0.92861706184 0.139209288592
0.165815545466 0.389241134789 0.796294552247
0.089382345241 0.792377990346 0.271424707134
0.170144137014 0.887490642543 0.188597537187
0.175368347615 0.155314220102 0.305918371738
0.496266941015 0.84141500065 0.681542955165
0.904553337776 0.371297711212 0.526079945888
0.614182655452 0.959483401927 0.394079274689
0.714455116645 0.395374661782 0.116719271934
0.396446452155 0.49527781004 0.22041995231
0.760367812865 0.0584304826182 0.441253943446
0.84217124322 0.400046034518 0.849435551268
0.827893771524 0.326777397053 0.330824903322
0.192315080163 0.182087822061 0.342548149346
0.818357408851 0.922954154852 0.399372434784
0.517069348825 0.753462769226 0.250210995706
0.263308783136 0.4573711988 0.82876304591
0.633227575438 0.309171373712 0.0144278321355
0.776377592927 0.972806353745 0.115120681036
0.407862435491 0.180549948123 0.839661736097
0.482781442122 0.768440589371 0.614506514098
0.69167092236 0.682731290048 0.936643907199
0.752580721654 0.273218412168 0.784138947633
0.794031104026 0.930169231891 0.531788519689
0.0183564811139 0.718442577613 0.656529991619
0.695292324975 0.878501230887 0.300566666534
0.0738551733454 0.167877312296 0.789166327997
0.403633929164 0.952364514842 0.16565598636
0.322664956714 0.874730980897 0.951749445489
0.252206964259 0.541612094092 0.109987832494
0.523050801919 0.94665006307 0.37176491454
0.449541689676 0.909613760536 0.728282250333
0.970146641977 0.335566257572 0.0713283707362
0.24395394135 0.0236669522111 0.357280504499
0.968986072033 0.189179914098 0.454885426328
0.468088589354 0.255102490877 0.853722196986
0.0746708706827 0.112176222771 0.63780784857
0.746522040976 0.692098839287 0.881568756715
0.845282271251 0.834888129043 0.977845771408
0.370373445956 0.0242959508602 0.280310888226
0.0520721499925 0.748481110308 0.042081386953
0.436926684867 0.936294436406 0.269111852326
0.475266766224 0.624012181061 0.0490928697838
0.906561143373 0.779941523746 0.78551255742
0.0748964455521 0.29921503555 0.780879106378
0.519786149826 0.951744783929 0.389937348575
0.981806973283 0.661464445533 0.932944720625
0.403308148885 0.840679679694 0.390903167413
0.284250764588 0.629551207506 0.170668884638
0.369214036928 0.865073706415 0.610380877329
0.653289037723 0.349968078737 0.315402188263
0.0189084644393 0.536709844066 0.832507889949
0.831618382123 0.938608387107 0.786771405734
0.215642706117 0.896560951884 0.01889989256
0.602466745214 0.275444514948 0.51303837292
0.960273847158 0.470363270931 0.0880552407085
0.180193691743 0.188456944488 0.693069131192
0.0846745154052 0.380893862889 0.227128837016
0.0470181418073 0.8624095877 0.730920610409
0.0634445469005 0.606307563555 0.939908189586
0.732087823574 0.185106303056 0.261763741091
0.335736861665 0.134113969612 0.312083432223
0.820201427615 0.828994428078 0.628220680625
0.807424170934 0.545942838505 0.877182052239
0.172638152697 0.315346231448 0.765908977553
0.45158852218 0.376666522238 0.106830038029
0.302444705843 0.529834675371 0.880849889681
0.330683240916 0.931330500462 0.409078437653
0.520455453147 0.904040691855 0.239486952898
0.523079127824 0.493195633562 0.464344906732
0.857569783323 0.748848585738 0.0988518700849
0.528593494613 0.176387404686 0.179444970498
0.183887297839 0.209903755816 0.278076775331
0.107845857539 0.292999933055 0.975270472644
0.620705963806 0.56181734373 0.371852497679
0.371472064904 0.851093962516 0.268038057601
0.618314415741 0.15571815799 0.948168902928
0.358394430984 0.428671593092 0.593353127269
0.809267487272 0.433884658232 0.423616140511
0.641314398734 0.955080577833 0.600589018073
0.55589520856 0.20503719022 0.00828230625366
0.619420010528 0.238244407116 0.099184936675
0.364044631128 0.124186430923 0.138614033864
0.890420672301 0.142656019658 0.216991678475
0.596255780397 0.50856640384 0.106592593684
0.553344921281 0.39477707932 0.287146962031
0.642751999136 0.836360699905 0.2283917619
0.66243904612 0.602890760669 0.548175905743
0.434337806881 0.243373363928 0.0203004407851
0.75125229129 0.814546033167 0.64973832982
0.363224630026 0.23260847265 0.392133170983
0.850686046528 0.45143403593 0.974392837465
0.144129659109 0.434093686446 0.102468912683
0.361730090764 0.391386806287 0.317126156
0.856405790122 0.622059552702 0.211294248252
0.288847942833 0.0608532231611 0.155058657524
0.710527250255 0.635683805234 0.602651163336
0.581116995889 0.165748414215 0.832230752848
0.82840837137 0.872178789669 0.815509517309
0.212411206648 0.473002710463 0.0930686704524
0.433238105412 0.734408724389 0.465879917627
0.688958013687 0.48168312573 0.846151505854
0.394121050396 0.850870641914 0.336297313608
0.302113202456 0.505711352546 0.54869445012
0.0964281121852 0.845442915601 0.905062873242
0.544142573547 0.706694999017 0.486816357917
0.94898006759 0.458045036518 0.771426406656
0.713528744151 0.896082657703 0.106633476036
0.240169249124 0.666544349382 0.953894732519
0.38497731941 0.772312930564 0.190847144589
0.140548857902 0.39826469484 0.0603702389497
0.351192350264 0.423468800274 0.631927574836
0.512836194905 0.760496653758 0.304645174507
0.498933885493 0.858617134933 0.779431907916
0.11067471278 0.812818556585 0.595377361765
0.812155014586 0.115839421016 0.179624358878
0.95172670626 0.303792649415 0.681204914573
0.380203611272 0.476363778723 0.539014778409
0.929532747287 0.341370513821 0.505480907214
0.244314874959 0.304413201075 0.100839405433
0.274329835245 0.553530574314 0.506329737954
0.483869253671 0.998993785873 0.655778734013
0.799347675026 0.407546605491 0.360141465831
0.674057627352 0.43472547136 0.715431691757
0.752629400833 0.106981039859 0.787999971915
0.110578928028 0.573649593334 0.443395766949
0.328182474253 0.0305763387496 0.893040597202
0.409146841256 0.765394446223 0.829985092488
0.405850788696 0.283242877105 0.561420168082
0.592066840332 0.691109816045 0.944302016305
0.571490945796 0.511071519054 0.235216788371
0.56482836498 0.697298866509 0.183915493785
0.535792993764 0.176603094185 0.560129626482
0.900883762703 0.117627770369 0.63084231147
0.241411744688 0.506514726335 0.455826454313
0.401789753743 0.709771110565 0.134386063553
0.525851215362 0.404482229401 0.57137034513
0.478796227553 0.259439591245 0.353117559955
0.734202436085 0.88085615272 0.181556770398
0.593823352765 0.597285306422 0.465903307158
0.543711397667 0.374961250738 0.396017418558
0.554668861159 0.139390424404 0.837484459165
0.514740301184 0.396585473129 0.0636067986472
0.874455273075 0.636221797357 0.107403072241
0.573763968766 0.106677385364 0.192364130135
0.376692819474 0.560748813417 0.955225921633
0.145796552031 0.912973465617 0.730232342256
0.923029171286 0.625160524998 0.547986376601
0.667312241181 0.0585865889609 0.834192831267
0.27852125008 0.792923557671 0.145786993191
0.731491984016 0.298373601165 0.779625657918
0.77490590647 0.683792925523 0.514513294564
0.33951890198 0.0808466369276 0.43016077522
0.213571472511 0.965148689685 0.992132272778
0.567159534387 0.607206556603 0.0682625427342
0.956741366948 0.0470735030744 0.287921727464
0.102084088383 0.211113477306 0.763246630124
0.130237080573 0.279479688103 0.105386761959
0.124297772386 0.725610466301 0.0707469204349
0.63029588914 0.513517646365 0.0599278178562
0.0360944242167 0.420515433057 0.985129239537
0.937547637058 0.357643703306 0.306598806445
0.912154707879 0.41174110487 0.120358217508
0.68102459583 0.307390713596 0.030318153073
0.732264472658 0.555030471071 0.430670742048
0.745829589779 0.018039619587 0.86525308525
0.00400792416436 0.317216475611 0.407302061479
0.0927084069101 0.329697173991 0.0416244859826
0.497915845237 0.460349865125 0.232016171539
0.946585966776 0.719581753091 0.805723715328
0.701769106365 0.799967511722 0.763271034834
0.376586413916 0.173983460532 0.66332392226
0.17110873801 0.282160039557 0.758132552444
0.873429284401 0.346220332899 0.579118568684
0.994118464086 0.168670245305 0.78511388064
0.184440866088 0.211564432384 0.0923030404896
0.087450599838 0.307547589365 0.382573461455
0.944271693685 0.242896955521 0.319763664981
0.0626746969488 0.899016675984 0.739784083288
0.470136463757 0.959243501435 0.83528406882
0.13370639909 0.37746054652 0.668959494064
0.179833574547 0.0922994993335 0.382673216013
0.137650043115 0.662721505804 0.998528906424
0.493694359288 0.00228591032419 0.225886871819
0.308072622022 0.765483620857 0.245698646735
0.117679640486 0.184350839736 0.6699142013
0.634034566706 0.353361171046 0.73336506476
0.88013754271 0.207301919071 0.115152770491
0.613920432244 0.672315821801 0.900466811921
0.548468879486 0.85854476626 0.84482956792
0.202987340893 0.94594768101 0.0762197899019
0.23085050762 0.658727940166 0.684986921622
0.540942794019 0.502483695206 0.982641860075
0.789486493726 0.966065064124 0.348717384804
0.475666737279 0.316327716896 0.00523770010435
0.164680888135 0.303804557769 0.28485481588
0.280810235641 0.365370213083 0.147584895171
0.998420769932 0.951042328812 0.168982958493
0.679575873373 0.918379396571 0.433441425312
0.91285201802 0.275659440699 0.28124488301
0.572322274342 0.538601429107 0.658781222923
0.864208032091 0.807477171607 0.319520056829
0.109568488907 0.635964278885 0.627745296172
0.888815446204 0.584748495729 0.920737335571
0.981968944397 0.00848312021112 0.731883972282
0.94749934285 0.253331860496 0.532709481259
0.213831137746 0.034968174936 0.228384078537
0.519502197726 0.893592750717 0.371125667045
0.0499775950619 0.000693924205228 0.179088303095
0.61360282551 0.469675535657 0.868983824067
0.614771933936 0.246298348346 0.687337819026
0.121064868653 0.992947531403 0.629208569892
0.45417335326 0.231177625938 0.959365623704
0.138785310862 0.573844455889 0.452507876443
0.433000401083 0.144373284871 0.850218338162
0.205137836523 0.0475853526271 0.612855015512
0.947440366237 0.0497921673102 0.00258649886446
0.678721331435 0.0702341800109 0.0227414724446
0.851132049026 0.875674292668 0.521761553894
0.848313355486 0.12895347898 0.292882504187
0.453306693537 0.682384324062 0.603087065571
0.208655450848 0.10531280449 0.278187602512
0.876029444305 0.967765659523 0.518643357982
0.542366915083 0.931858183517 0.508791224398
0.0805888622777 0.0795504375585 0.0507438797144
0.0572404367107 0.419385406304 0.567288581315
0.986746630049 0.122416846754 0.174510473134
0.302949111924 0.635509854814 0.462195321007
0.00508894758889 0.380661741283 0.781910356838
0.59214524669 0.991891547012 0.527125161809
0.710297904874 0.994651141159 0.0626036420748
0.062511694631 0.109508078817 0.388092460557
0.23697431149 0.300625450798 0.689919970336
0.778038298922 0.428410925417 0.477909736503
0.172270134936 0.172395707385 0.374594865473
0.434150908425 0.508092227164 0.637023114049
0.390074480779 0.435825271306 0.850159800255
0.421054075917 0.182651882816 0.699188724234
0.194666076722 0.297573984373 0.42811564785
0.393147680261 0.434995702625 0.0681030867947
0.973916896236 0.116644086499 0.149325734907
0.0859289004835 0.272528096514 0.482507653444
0.159923222016 0.225359853396 0.0843463515953
0.688622676727 0.638258195622 0.713038633002
0.0945809604696 0.666372128754 0.10825690082
0.451748279653 0.521245945444 0.128668705823
0.0379253539255 0.793418008528 0.573322989783
0.0979102775628 0.508476503433 0.0586110592338
0.650152476134 0.100546732238 0.612665832723
0.851698870767 0.330273812746 0.157679805554
0.283726234412 0.935073608249 0.535333183754
0.509328702118 0.0851325854011 0.0511661334524
0.794012326893 0.519289881131 0.543545521222
0.517017246968 0.680212415924 0.0598040820415
0.296617367383 0.745315468267 0.45995761471
0.786018591585 0.545043065937 0.962933910157
0.283911347708 0.229788223722 0.687008483635
0.2720083861 0.244048939413 0.360706555982
0.403762602321 0.0955226734987 0.876866738989
0.475388673669 0.492141759158 0.897470442625
0.128325393768 0.821932682095 0.213670124991
0.988715983327 0.55694777883 0.13965486211
0.383594449405 0.905442717873 0.633924919856
0.243383086073 0.775156443541 0.266328881829
0.730448018677 0.182017391777 0.518167063363
0.158295531399 0.156978142165 0.715616088706
0.345979267929 0.866862748033 0.917830618128
0.514784111255 0.633036266925 0.472574090407
0.380324206327 0.254080187797 0.565882164694
0.119935371304 0.360454707184 0.606777398853
0.0934685005467 0.192903250053 0.0240427713439
0.0510894336923 0.721705765937 0.0464361405924
0.472552718322 0.854587866579 0.191165960805
0.908410282619 0.827819307197 0.514825976022
0.116240947395 0.433776800758 0.692170091793
0.557352257459 0.35266113626 0.157289438741
0.889964850756 0.378603009024 0.702194574561
0.0112819723733 0.404068240223 0.764731134851
0.327723074592 0.0916748623564 0.0872393083538
0.597702659346 0.264155607301 0.141792126372
0.22184828854 0.802204695484 0.378926642089
0.909581376448 0.434381412629 0.131144380093
0.519055060171 0.232928483942 0.789206804478
0.351107586576 0.565490001827 0.578920952729
0.752441865999 0.292048959362 0.607605191438
0.863255130785 0.288787444828 0.638110369834
0.679450924263 0.278229800049 0.21970608149
0.454857254229 0.975345214142 0.936933490368
0.863410691699 0.412834303806 0.0938893572913
0.730921744466 0.0425033112226 0.186627010256
0.75082278206 0.268723290724 0.940069481266
0.694637977031 0.605671974728 0.761104077079
0.732269833153 0.15294042972 0.218014432915
0.00648284980887 0.950779610957 0.996639112778
0.65127672491 0.157222283472 0.123050203197
0.637431840069 0.639583960408 0.467700706747
0.293165993748 0.720483672084 0.258158156833
0.0736910136293 0.171822900317 0.894596790126
0.306012012618 0.0820735363825 0.0532316059316
0.823828493628 0.42440398859 0.173059451952
0.0283026867762 0.716108035516 0.94600001748
0.419286359849 0.23169069371 0.356697613785
0.573580988689 0.718754029399 0.922200826764
0.99180573824 0.277963155877 0.0643959945262
0.154059604054 0.991609804101 0.574670057964
0.765439564538 0.39550850336 0.362043040209
0.834860381828 0.585402689974 0.924100796037
0.146752740632 0.940102581143 0.734369573393
0.2090291158 0.853547735021 0.601323583485
0.310856495568 0.314163878264 0.707636446035
0.271512649489 0.580203217786 0.0422990020278
0.122262130604 0.831588170021 0.757089236098
0.419906320284 0.907207094438 0.363668799747
0.302500686696 0.986764483428 0.0928815510777
0.744725607847 0.763590640451 0.955610588888
0.765812078172 0.131392516155 0.637702407417
0.368111905459 0.636079973921 0.545378323345
0.273617439806 0.0601834297268 0.90032389339
0.742434173128 0.0746915660203 0.250778246821
0.72386398247 0.499917626597 0.456627633022
0.74137084691 0.00349087529393 0.935092808118
0.0588074278238 0.571673853415 0.62779675742
0.660479491528 0.348099480172 0.786782373192
0.645388689166 0.94739020901 0.00706585874121
0.506745581442 0.415356720437 0.749596840983
0.0728667585463 0.28353019449 0.474218622621
0.0986226663404 0.584267936262 0.135724189281
0.440406436779 0.900968859676 0.224914993013
0.412633386251 0.854571602325 0.503362994266
0.479186925422 0.848702776644 0.210061012139
0.994658408191 0.53607949538 0.715719359057
0.230647183641 0.375986880112 0.878921099912
0.0260821237707 0.642568952935 0.553391448469
0.586541492067 0.983412255189 0.8315890828
0.663124826526 0.123972778209 0.688232822217
0.817649363232 0.634224200991 0.59408949103
0.522290270917 0.919050982337 0.399180548301
0.500840668221 0.505444831546 0.999513681187
0.188056008221 0.27458485467 0.247767382294
0.674569885119 0.973558754978 0.813733742168
0.132572106356 0.128595791412 0.377683710912
0.727995198966 0.655402565546 0.950301456469
0.130349504084 0.143591013463 0.85216054933
0.171409784483 0.417915748883 0.33566221413
0.322835084713 0.282881320149 0.043604574063
0.672831998346 0.735921645386 0.319054376837
0.530867760337 0.078567449886 0.191028086111
0.0546625463683 0.585926110273 0.29941584347
0.455012076624 0.7620190843 0.901154149263
0.881044445031 0.130081763731 0.00110330646123
0.9011747644 0.603215920737 0.0260881365117
0.345109984034 0.5650941762 0.60977082789
0.765958445143 0.608670480367 0.476764600435
0.131564225968 0.346888051242 0.164577955713
0.88939716891 0.339737979456 0.0948716403664
0.176645699817 0.307576536891 0.749560688238
0.279635501818 0.947897559274 0.705381902961
0.43967572458 0.11762837316 0.0234598120547
0.915836428965 0.737974174343 0.408212201676
0.760633108618 0.0962759108634 0.933971134544
0.879177134787 0.177564825746 0.636036600658
0.24223386756 0.0186281594549 0.0589281209152
0.576708800495 0.450880833514 0.859093043503
0.630011086699 0.82767949588 0.642759694777
0.499851056132 0.495380843095 0.967599875677
0.320271149596 0.716544211532 0.956199967351
0.162441129037 0.840916952217 0.578052140564
0.353474232606 0.477305362747 0.949368545994
0.307444865312 0.0518069292147 0.331649600026
0.202723700655 0.0466857226719 0.332542087459
0.180836529752 0.726431237546 0.593587511454
0.779387904133 0.770014852495 0.355685729737
0.8129469195 0.461294960956 0.358787012989
0.731927438619 0.228949478268 0.836500196953
0.565626512549 0.0570848150669 0.372169212474
0.721239500528 0.751864959561 0.984173683624
0.993296607953 0.631254940034 0.463680045602
0.569116562762 0.605185856055 0.177229070739
0.871731126383 0.840078419287 0.186347133672
0.318149224892 0.0584204615339 0.39917701235
0.456867093458 0.237088364176 0.473182285733
0.466176563833 0.631718820128 0.96517319756
0.599670257206 0.817078100929 0.699860436105
0.942402655541 0.683340940345 0.874345909844
0.472045963689 0.414715524462 0.61424094264
0.101706590062 0.848005865451 0.98691321468
0.599854071361 0.578214474798 0.975097171934
0.500115086796 0.471276454833 0.460923041076
0.647068374338 0.573217560544 0.55504487411
0.641175805699 0.0460613322129 0.810519993903
0.0659056937487 0.0842691109738 0.42792667039
0.223895902869 0.816457491745 0.604636000175
0.626116109197 0.701777689204 0.604661316178
0.136160886205 0.236089692756 0.943040961439
0.120230953554 0.611950864096 0.403648714973
0.81757137922 0.932996946918 0.158074657824
0.205117877294 0.0255086490142 0.974788901186
0.966675601771 0.563873850059 0.462284684785
0.957367563242 0.527346883164 0.431406813273
0.813935152508 0.986806003547 0.128014170337
0.966763991456 0.619579262981 0.840085803981
0.922354508468 0.718799018613 0.687927717423
0.441253792487 0.305441807201 0.49410946179
0.276960865594 0.896436272663 0.605137657193
0.393463280083 0.190864819974 0.411130186392
0.2177171702 0.881286641436 0.403728342673
0.0459087880311 0.797579546398 0.609643031971
0.0878707558377 0.653248138876 0.812613794681
0.166467086376 0.119053611926 0.333845499244
0.374259997432 0.744502588678 0.269587028208
0.0996291612329 0.039609295927 0.615349659551
0.573702651941 0.75049169136 0.122694058513
0.314945404388 0.603000119542 0.492108881532
0.722266620344 0.940386882096 0.977274580235
0.327032457112 0.95366712557 0.561330615187
0.617323586109 0.498298165456 0.180768378079
0.137671200198 0.965962158084 0.368254359864
0.0138633904773 0.0960025171321 0.662906315035
0.552757044235 0.638671686555 0.292159913097
0.764921467555 0.615134547293 0.912680563956
0.743799181122 0.963030003436 0.771582862012
0.466521728656 0.931702404822 0.031631999975
0.432852980526 0.29273263171 0.83210625873
0.581328218614 0.174445022814 0.993887928739
0.685538796228 0.126503982852 0.802820578511
0.0367046855226 0.356336903269 0.960571811215
0.596662699775 0.297608406983 0.108491050815
0.636450915749 0.0683450889712 0.713120537496
0.0983691267423 0.0193419868662 0.211029508773
0.372011336672 0.415228757197 0.592153203372
0.0323538440022 0.484988303038 0.053127136025
0.741350832036 0.679020208173 0.253186360574
0.678297714741 0.804866705657 0.524749273868
0.230625160355 0.365252287262 0.317380376199
0.22673355908 0.289486340329 0.988656901004
0.272814852699 0.907820191004 0.238364824419
0.331144526892 0.651678137632 0.602295134042
0.836299095689 0.286482231351 0.583816320117
0.32195451261 0.727488377367 0.32557286447
0.295533760836 0.851623908448 0.908792834418
0.906769293586 0.230626595492 0.000336348667545
0.318599809654 0.0412099164116 0.0927871472439
0.154447210301 0.91249881358 0.803238841998
0.965481156381 0.0992419641319 0.166268018864
0.712852762156 0.872383067565 0.789206419675
0.786492832723 0.312996226831 0.615270960924
0.508037919596 0.11061224976 0.766007564953
0.95030536093 0.790585242523 0.306053888322
0.713272136929 0.831419817358 0.649264103693
0.617387021452 0.543790774335 0.974763418574
0.573402688829 0.855963308567 0.128304052539
0.787198269657 0.272104002982 0.22236815636
0.411497464648 0.58563692042 0.27843382354
0.896569970911 0.720859562009 0.33064293966
0.0504073787814 0.5366060285 0.976424306697
0.283457386722 0.0696250477262 0.4247665832
0.802801097432 0.299685583293 0.853950471305
0.417285520231 0.0459125087068 0.929292278304
0.0883098963433 0.99198709218 0.613716311936
0.0620405884888 0.84299096818 0.504752330354
0.0841527552942 0.882411035506 0.0820478113963
0.51907799498 0.149269544457 0.782371869894
0.26659576276 0.775602267393 0.438851618805
0.0215369521699 0.973538351005 0.984467117814
0.565135356751 0.634470049457 0.92578661257
0.53507292325 0.288819146723 0.322513282489
0.298758530624 0.0893354175277 0.13216435558
0.874124037417 0.522595239537 0.945540940233
0.781538663732 0.0158084570858 0.374138865079
0.0198113979671 0.502276215086 0.722589478526
0.436423855426 0.0848304190512 0.423623098238
0.464030483979 0.984127882714 0.560942322986
0.640518870748 0.227261032247 0.659510559422
0.689011063843 0.0519966991171 0.841090133092
0.288004030218 0.668955284923 0.355034467623
0.401068060708 0.844419101771 0.705664624905
0.308721428702 0.194546030076 0.578387311747
0.0625147284079 0.24096128589 0.486209465061
0.0220990788315 0.120753608141 0.781855460072
0.615167735959 0.2223812559 0.200999369275
0.34557136596 0.0392103944672 0.803411639635
0.620282859655 0.506948335451 0.457971374852
0.896019247801 0.246112087735 0.0579521622957
0.58818499203 0.924345465047 0.197843420459
0.0524364251273 0.341826185092 0.00530452684285
0.0370590919575 0.548837110564 0.803754881932
0.521809119518 0.270068193774 0.380075849219
0.436631982811 0.743200972095 0.847351299726
0.963094445733 0.681225798518 0.428606743406
0.122534862323 0.611433801961 0.131070486257
0.555166923758 0.0496909441348 0.449367445271
0.279627525954 0.502854663824 0.642014750595
0.79471766661 0.860211009147 0.894892673529
0.260401862511 0.816274847007 0.0468059489138
0.518826213901 0.428634321499 0.547576602426
0.170323652399 0.59010352185 0.784995698774
0.600704093048 0.641159230967 0.136432110644
0.279103106145 0.17644060575 0.967609068493
0.782939930292 0.357988145159 0.229384645487
0.167261898346 0.690674213487 0.63989383179
0.936094064358 0.394277823364 0.14467631939
0.36603914221 0.820894594005 0.0932708811747
0.818787789949 0.410606651786 0.181487269594
0.501241108488 0.988496553201 0.0733188090193
0.0162104353246 0.534707159073 0.414239056363
0.641764631621 0.330766422944 0.299667067456
0.669949684943 0.490091956639 0.0154726938944
0.114059052507 0.000212734807838 0.477927328922
0.949826263959 0.0808364301937 0.0181756750447
0.253013096874 0.317059722642 0.0378045912999
0.105563613964 0.0723239076803 0.711745189038
0.879124068979 0.241430912841 0.859615719113
0.840080280408 0.574490841933 0.980575176508
0.552782225867 0.474630375746 0.994221743085
0.568899179492 0.564978345539 0.597716518549
0.590411619331 0.858760925806 0.0417786669119
0.106540915127 0.12666059033 0.762339227338
0.486209641174 0.417657613898 0.874018279144
0.038216717391 0.653103522808 0.639178851684
0.663439566396 0.104788735724 0.930665459423
0.898586047914 0.110383449994 0.24129602294
0.907857933075 0.629462587856 0.448175086086
0.968656155074 0.69869197951 0.104310121957
0.457901782344 0.746226840716 0.825354732778
0.558924947747 0.603912966241 0.554456095965
0.736982826546 0.228407889795 0.650209304462
0.788439965894 0.437590049139 0.329072231063
0.388770528729 0.540493123712 0.0608566325353
0.238905131883 0.428416239935 0.657830063716
0.334568495046 0.585080110061 0.440565956258
0.358260304096 0.892795805447 0.191292701366
0.113786276551 0.854966192368 0.0798398674369
0.491599219876 0.908263644294 0.612118357225
0.00527233597979 0.479483983702 0.0819948473441
0.710895518708 0.418140980033 0.0700240380983
0.915144139047 0.184147400406 0.425413953711
0.310196791197 0.158017575878 0.457933245305
0.653400659134 0.623115025554 0.516673636002
0.582869325459 0.0954418198437 0.562247322266
0.903330720632 0.735419657672 0.887859583302
0.171726303628 0.0429489765108 0.72798006529
0.0996752752042 0.394656768283 0.00848933072928
0.812740366809 0.654790381696 0.477299452634
0.343961796439 0.896301481177 0.202866678522
0.431372315003 0.186456991956 0.653732784745
0.561931706299 0.34946554879 0.13727238394
0.252686298654 0.259133877449 0.348916681417
0.527482073103 0.959279219442 0.432233014483
0.136914927816 0.7409796591 0.413062532387
0.0547480822614 0.0530478014646 0.422387930008
0.849681077436 0.516575942972 0.426822089227
0.0982596894505 0.954283893277 0.535829152706
0.214476459391 0.271292564899 0.905179509807
0.96179392481 0.737639076001 0.253007463333
0.0168469541269 0.186161172083 0.680743638051
0.915724810855 0.503187506893 0.415717979551
0.856870866155 0.834486713827 0.527370854041
0.536419880003 0.687750169729 0.177016416025
0.970486987723 0.222162634163 0.783840040947
0.804244906787 0.894038188285 0.75543312785
0.083005141534 0.173651871388 0.517393832089
0.935141008077 0.518660054585 0.299142418978
0.482825745813 0.0936398889015 0.851024579018
0.892177429553 0.296768903562 0.935301851066
0.11999447543 0.928032808102 0.104542099135
0.880064528826 0.72374187255 0.422835939591
0.364078489807 0.345379424102 0.347949345301
0.480061939398 0.371122793831 0.540727071672
0.0415653878385 0.835956630156 0.969107490872
0.909013283607 0.236454689436 0.292719412463
0.858380739392 0.761870642128 0.432712582993
0.959070895364 0.598595164941 0.704758707887
0.463291481232 0.34375808426 0.728204935614
0.679407792597 0.792321529778 0.663795875875
0.478357283046 0.73205987476 0.0646889746116
0.186974979423 0.829108628338 0.399768437555
0.0857910506206 0.906966420083 0.876245523037
0.229591606305 0.937198010135 0.219554061224
0.652722408691 0.280663381373 0.124302437365
0.807231964734 0.637486609067 0.0659816620451
0.930347094136 0.31712869231 0.985478662255
0.566928994918 0.9908361747 0.259614575909
0.214217430365 0.948784593107 0.230098494134
0.687334599819 0.930531029303 0.737910860247
0.218103934071 0.639080521847 0.767122338688
0.724195155225 0.0254262178142 0.992867469009
0.104718146888 0.396368100525 0.0554821537719
0.111262177289 0.817796277198 0.623486544477
0.44698875946 0.844453171441 0.169152374639
0.167055610312 0.748257034768 0.121251990004
0.317324467884 0.416473763324 0.573758649568
0.6052745458 0.671279210565 0.19290878694
0.861508742181 0.105302556924 0.978508698593
0.0332495315941 0.558570077041 0.912209203265
0.812381268599 0.103789962908 0.469387201881
0.580004536789 0.695121763649 0.0363915787898
0.530324078453 0.266664960517 0.630949863042
0.324714516179 0.404515510215 0.439376141455
0.533357372479 0.405036002364 0.700697981924
0.951819364492 0.955031503747 0.98081965988
0.686197184051 0.319904683668 0.0577770599918
0.988694042333 0.369203652423 0.820069890488
0.409318892609 0.846470734412 0.193292476142
0.337317899545 0.0898829961746 0.49454427154
0.425371936609 0.290632057048 0.303150759097
0.764449630114 0.658684385076 0.752790595707
0.404852968145 0.479609166559 0.546220772524
0.0913924849198 0.609153705685 0.621907418456
0.74293357435 0.913886389728 0.98328949697
0.76058857423 0.959322849057 0.625656364176
0.686089587076 0.833736969482 0.0542394842292
0.0862463441667 0.120640520519 0.556260003064
0.779576084727 0.876889306799 0.526343534853
0.579277851633 0.670152609147 0.263840216695
0.316976140404 0.93010166158 0.635243192607
0.954217023331 0.521069470812 0.676447734585
0.161366507589 0.821946487297 0.138200120069
0.391464134821 0.921710941936 0.640024522342
0.577297795674 0.819387762681 0.831070055441
0.565809782853 0.40471874944 0.42361748077
0.269006741882 0.0223611134803 0.940893874682
0.349693291182 0.381572460107 0.494700291602
0.766370716107 0.544119876738 0.462726108634
0.593395707684 0.845842866849 0.304083662274
0.349279091547 0.0715277896066 0.866189672211
0.667417600406 0.26240374193 0.87077964953
0.638328101176 0.792826914149 0.279935894585
0.652011049678 0.334006301054 0.843229193649
0.247498092684 0.952057295702 0.940837724224
0.634099796942 0.0253449585605 0.573065461522
0.798556951994 0.276888625635 0.220753059265
0.108905056845 0.0501998023563 0.860844389352
0.37541357881 0.647375527136 0.545349830228
0.00467720888423 0.453867453438 0.0342396402746
0.816545901586 0.362829281952 0.556353154868
0.159646275221 0.448439942611 0.934658536831
0.487955871886 0.37322034198 0.729144773395
0.234932485954 0.0100720729384 0.28318036441
0.15745118392 0.525541526667 0.144853311214
0.934270712273 0.947790876136 0.183161831827
0.669653186653 0.725044128203 0.359510399683
0.458323779952 0.759884605473 0.25364798249
0.741209875998 0.316125475082 0.394381729099
0.787835364441 0.728090910501 0.10122743221
0.265071395352 0.953478865632 0.600173324773
0.466048209152 0.610258226392 0.142861075356
0.752744233165 0.969895928305 0.352245642773
0.825636629904 0.0750204327144 0.121931304182
0.900508020099 0.924930114758 0.253315983706
0.41292650594 0.649093929664 0.519069845826
0.348086604656 0.884649827303 0.43331986811
0.520863772241 0.956023881989 0.0028312839631
0.0416233787283 0.470592982925 0.126055726418
0.742214279801 0.196559376671 0.303725350575
0.986410164225 0.0207142510439 0.295167793306
0.413013113104 0.0193443506094 0.436445112493
0.189849829722 0.829635272191 0.864749561697
0.276903153213 0.403729887112 0.369193191031
0.400410130576 0.160049459434 0.197422648985
0.103584662316 0.13392593056 0.746355064065
0.022334427138 0.476633365584 0.751604889947
0.45323044364 0.986390259578 0.954806612366
0.0467905100109 0.377928034267 0.3571256462
0.714734462691 0.371765258725 0.689558587248
0.513682091011 0.957216809436 0.59722333286
0.749001682599 0.602040365467 0.65510589749
0.348742704949 0.381810842169 0.495974291317
0.0455130443377 0.771716104937 0.806229914699
0.84804546208 0.62701386534 0.220743104588
0.859534802189 0.0539049250312 0.0117887118589
0.360198011315 0.977517507031 0.537889771456
0.108561437802 0.340168542881 0.284909770182
0.800839044237 0.480600493385 0.325848161932
0.695607252661 0.0392571416422 0.128840825766
0.646124251527 0.333499418005 0.814067825187
0.713039042388 0.745991806549 0.342634155851
0.847497263108 0.359236319172 0.0940046124691
0.634681071195 0.497305201912 0.148752053915
0.994116334202 0.758279997693 0.921686134638
0.399012448071 0.369815336262 0.283238855992
0.391553221409 0.675627994889 0.593096441532
0.0884933484128 0.291475981522 0.868674278151
0.808777988075 0.675505714484 0.792649248413
0.384348410371 0.486097524257 0.476659848335
0.253061363807 0.6705061174 0.252207951026
0.639591783887 0.479243639106 0.0641315866814
0.3114962128 0.588179879872 0.426982119082
0.946568734364 0.244870028696 0.115935429531
0.205938536056 0.643907162527 0.163096728481
0.65633012763 0.294643827439 0.933829796548
0.57954661071 0.512469380032 0.55003896673
0.92232185724 0.0841526576756 0.898994223506
0.684786796256 0.607927819506 0.873244027505
0.381587755125 0.659505522832 0.555211009622
0.88145741649 0.424483924827 0.267225824112
0.0176095283953 0.18024637831 0.0720357838976
0.987284858104 0.373739337491 0.20598475293
0.46934765978 0.737356101376 0.392718235145
0.314193268827 0.933998661487 0.595708248415
0.260825395993 0.450679984363 0.620322459577
0.0666524396548 0.956204886484 0.193375907047
0.255462932813 0.172043767483 0.496601418674
0.00290109091117 0.745820832499 0.645079851899
0.86909448727 0.74921469001 0.664394188494
0.151886123077 0.421433463868 0.316410345434
0.0247793841586 0.0281775078838 0.676081597865
0.810141994782 0.667330115056 0.524219403744
0.671321430406 0.0576714049521 0.09238961765
0.994458665555 0.195024551412 0.259948070224
0.974182408632 0.562171847668 0.854798556457
0.386195297441 0.526031634882 0.970408382076
0.867858505406 0.391102514786 0.945954961609
0.313106979987 0.568677110866 0.313666420482
0.715112020622 0.930123108751 0.720235759176
0.363355681654 0.119979871913 0.320757867715
0.696083070315 0.410035024694 0.476248546756
0.746795303956 0.708501122963 0.492323494805
0.496943623911 0.0700271943042 0.401921376072
0.268644823123 0.863882067969 0.459811310003
0.943511102496 0.816834716881 0.331988497126
0.592636997609 0.268037574891 0.584186345602
0.960939048193 0.0192301083731 0.476768063935
0.0757110086151 0.999447458278 0.232029128396
0.705128837995 0.0314976053414 0.163855540895
0.00424115787805 0.30523701128 0.236102052517
0.637466801998 0.296006942343 0.216565854719
0.247305881096 0.65762858093 0.895313819222
0.154743666509 0.404941634537 0.381648368429
0.434516910212 0.513158015307 0.124105700633
0.409249928846 0.0212175563342 0.0626482413084
0.328787825672 0.0634126457252 0.920701443954
0.82133641523 0.794010137121 0.334819452654
0.182021714052 0.134631549593 0.299343723008
0.344345681864 0.749733254294 0.623587932184
0.43800892647 0.18856483322 0.0473684834352
0.200363678523 0.915932972694 0.256698285572
0.967656781122 0.680388469784 0.801287711675
0.476003284286 0.735561296188 0.586290792046
0.402688756891 0.987337406236 0.677516178707
0.551803278593 0.316582064475 0.760424716963
0.669076486282 0.128947382713 0.946396750429
0.273469337446 0.326120148251 0.129799825955
0.0173804267044 0.408834409738 0.817371916111
0.869043226075 0.0490427826748 0.632247246815
0.810073961586 0.438377482287 0.481422702019
0.452741084438 0.735985460591 0.404447611217
0.101647380588 0.41128346475 0.020642586504
0.721857655103 0.616697672892 0.549846082534
0.652307067558 0.597411560105 0.235063944325
0.211931298019 0.260180505443 0.730199417966
0.583189301741 0.324197895872 0.861274011436
0.468341888499 0.371820650395 0.693620554162
0.388122150472 0.670908941913 0.637482402241
0.423299856111 0.656252295312 0.0260953313981
0.862192432209 0.709913403744 0.439400201219
0.561896494058 0.448890456182 0.924913340254
0.328430259089 0.254939969697 0.798591604386
0.147324879051 0.746287715607 0.993446637091
0.619615730757 0.27259160351 0.987581529559
0.705300545599 0.575586574294 0.478471525895
0.977634037355 0.364111833686 0.0103650795927
0.0372279976146 0.252152020624 0.224755000502
0.927654138031 0.0651129662506 0.491881629417
0.0466621483577 0.399589384996 0.345194637505
0.557228910293 0.0340141364138 0.799210383278
0.262660781006 0.749362125859 0.00629682687818
0.629900841427 0.323850869936 0.620348411161
0.039128910499 0.331978886343 0.884261752556
0.576883778179 0.769687460846 0.0314257419178
0.0080976830852 0.855232288517 0.321395859848
0.241116450922 0.644175091613 0.456206977476
0.106443394989 0.721752323227 0.833114918707
0.513880380318 0.865379852453 0.0718346192515
0.446979742758 0.382529281272 0.69725278049
0.30116253885 0.989102812321 0.603850794514
0.587646572883 0.40365846224 0.056236871771
0.316229692474 0.633134761206 0.773481576897
0.161480143016 0.114066311593 0.832653353832
0.862585150475 0.992049328625 0.951245452912
0.634908738848 0.888884693884 0.974262046801
0.602460334656 0.36289416718 0.444978118581
0.249552325403 0.368883199162 0.219659979548
0.779420542246 0.0918321633662 0.569700264088
0.593496789985 0.713813542079 0.659102096316
0.946915486706 0.94822816974 0.121536132483
0.28369562097 0.371538476282 0.598448492945
0.8171736329 0.408757161159 0.692258574793
0.502820087737 0.693742804227 0.26750827298
0.416987156235 0.875465884751 0.42661369806
0.656562171882 0.173370514541 0.576988350521
0.0135868612236 0.596015778078 0.482944994109
0.431165359605 0.938564698409 0.970751016345
0.446435458554 0.382784477376 0.7248552822
0.00576524535247 0.919362214319 0.15021557141
0.276653762724 0.187465381793 0.134630483815
0.507715531103 0.109790920398 0.223123890964
0.253272485226 0.854170668277 0.787015469968
0.0972242556543 0.901542098842 0.421378315893
0.25062073425 0.399630313274 0.936655823599
0.420691594212 0.969255650102 0.500255405716
0.785581027299 0.910414454958 0.376040229794
0.874369644597 0.591233832434 0.622667891758
0.77343929204 0.181419475023 0.454779612678
0.916565234521 0.0579129461022 0.762995250348
0.605689766099 0.389836343027 0.317773558004
0.123411134026 0.913200327686 0.613043785938
0.0794790113346 0.495732237163 0.0196955920319
0.710740590582 0.605235896102 0.959341393166
0.559117552474 0.307119944084 0.40885562798
0.139794104092 0.830883541317 0.0189824830792
0.65126373607 0.0761713512768 0.0949255612314
0.993605437643 0.257301494631 0.323083443786
0.975062512736 0.725388284582 0.707341264284
0.139467051475 0.760370037369 0.44207143599
0.578945434936 0.992945741298 0.668206483904
0.985607241651 0.972356521635 0.455657396659
0.458155238181 0.0332263877522 0.125913238937
0.758134814864 0.150935598331 0.985378991206
0.115466301179 0.619230502361 0.349221377918
0.74496861257 0.59325833434 0.820904773066
0.195602995405 0.70425983468 0.384194760622
0.408477783277 0.762817806515 0.439970055465
0.78341490815 0.504674832364 0.96410670338
0.821155798776 0.0705761275869 0.51963308678
0.119768139546 0.876840921865 0.968462616013
0.441238774344 0.860606654103 0.369332735538
0.807521722027 0.561569094239 0.0315069092762
0.0575669543821 0.951526986964 0.387223149715
0.204301377507 0.290111115287 0.992503484884
0.548557826933 0.80947038074 0.290987040635
0.419918839822 0.733743970891 0.213467103138
0.137866369062 0.218169994842 0.043373500404
0.17557926779 0.306367116428 0.0812166052532
0.187741847488 0.76597121578 0.0681295137077
0.477617275131 0.156658446116 0.569294138071
0.507151685954 0.257168890905 0.359445292363
0.00859048392974 0.0279830917571 0.624357579806
0.165527316684 0.214810510236 0.134953631727
0.770046584304 0.826121586305 0.507711185067
0.0551816207293 0.638502335381 0.489076521631
0.239384537398 0.902079642546 0.606351244426
0.515673615064 0.801369541086 0.346384731316
0.202067919077 0.191434958223 0.348709117801
0.0337327894364 0.693605334485 0.673792137503
0.978219872891 0.885581557101 0.3801777569
0.640449143618 0.88218324202 0.0658727368844
0.531804566997 0.0915235661153 0.208737811944
0.58653652434 0.751133298481 0.445374061275
0.906051136573 0.300886183634 0.53326748325
0.00657864691202 0.454084913903 0.306706847731
0.00360569569516 0.845136566107 0.365014408726
0.204904809043 0.681500414581 0.526134616697
0.445546043808 0.687865378062 0.494458965753
0.897404717542 0.208147725327 0.537627720704
0.379232421996 0.725334980711 0.558809095735
0.551891853086 0.747211719947 0.712562524185
0.118815152411 0.295225792603 0.365487550702
0.398476029741 0.809187799391 0.24004040141
0.467297030154 0.08174743608 0.742339716284
0.491389485654 0.391016793304 0.180531308431
0.891142164432 0.431336312605 0.872530534775
0.316746657232 0.994242281292 0.192173937546
0.284017404345 0.24157614483 0.443201905301
0.409602200906 0.909810839558 0.361726876811
0.559570042307 0.313125465721 0.846766373005
0.479766049583 0.820993989714 0.969760321473
0.537796141197 0.59138192781 0.81631410225
0.861493141585 0.119068976149 0.344977956157
0.527385416633 0.248918806305 0.257724878566
0.549718765079 0.47354850639 0.525853095912
0.579169326573 0.0655843018932 0.630499669494
0.476765312907 0.341296796237 0.998134580911
0.259082654586 0.937433416607 0.859024082659
0.519203685401 0.183519623936 0.098619966823
0.129944929183 0.978615491831 0.721166239962
0.522994748369 0.381393766562 0.509578885629
0.425311286263 0.203281407183 0.576015264484
0.452488694385 0.283449119517 0.235671207245
0.99726032685 0.649489755456 0.607443466112
0.230835323208 0.781237668505 0.830945773683
0.894047664667 0.182498703219 0.242600900792
0.438105672777 0.625848336205 0.933797738799
0.65227947707 0.609124136682 0.218066239975
0.393112386212 0.871912524147 0.936993694064
0.167598451784 0.500104526986 0.197747283127
0.909173867838 0.0302800694007 0.996573627528
0.479208543933 0.279931903104 0.719232700294
0.243551919702 0.582291198917 0.672451318648
0.188380296767 0.779753843511 0.959842089634
0.625682310763 0.0271622619479 0.0404684805679
0.870085491882 0.290290381138 0.365407664779
0.352718573722 0.517859481513 0.684219450723
0.826149259762 0.81807706687 0.966794728488
0.411830535273 0.674609740387 0.053417492751
0.162209199989 0.851591153051 0.00689200968078
0.884740584934 0.188235679282 0.0118707601896
0.472850430595 0.941623467472 0.503334312781
0.226145411206 0.136661871508 0.65007215473
0.639426420707 0.263454745487 0.375733901218
0.850202260747 0.851162849518 0.502643856875
0.510767957082 0.111229659281 0.723975967973
0.911358883859 0.49219457581 0.068566572485
0.957115525461 0.20179268783 0.0174916040993
0.0587284061926 0.973061677118 0.979294588636
0.261267619687 0.662620821884 0.250429334401
0.316334195063 0.203173359416 0.89353410647
0.0972918875501 0.0933280817762 0.0117614350582
0.757044207487 0.0970313415704 0.921537991286
0.0432497010335 0.338296553582 0.161959019568
0.210586544098 0.161896497002 0.741600431681
0.258630979865 0.694847295486 0.831107868759
0.311933912677 0.639213770424 0.38056333291
0.697343532667 0.966147612524 0.951684673744
0.635685294844 0.0926097466616 0.378573569345
0.960039152418 0.506205419199 0.970546947603
0.254082468635 0.166623887851 0.699534370735
0.839926531419 0.433941053246 0.378493544464
0.680357844106 0.161281456942 0.801455217399
0.914935468268 0.228972755654 0.156174540998
0.290099857286 0.996969442875 0.810639800413
0.773523261963 0.838246339826 0.819156921009
0.473229014709 0.215146990348 0.836935299626
0.766982191536 0.624199392524 0.627557406186
0.675051004918 0.974887580202 0.74308116814
0.600844328391 0.460936584188 0.673877824
0.4522859216 0.858260861234 0.0680782294978
0.73214264908 0.106159009611 0.95269304366
0.439628966011 0.361347147404 0.340023424394
0.192360637348 0.122913154256 0.353714813171
0.620357805162 0.916132522114 0.93513782425
0.181360729947 0.26060273583 0.682208913132
0.531158436754 0.758067884595 0.325857706346
0.59397226477 0.403438378889 0.0666946853191
0.556215807689 0.446356692812 0.129508362159
0.18070476388 0.667012684358 0.0600047032773
0.4192212101 0.265385076364 0.259024431794
0.0551872085653 0.958230957361 0.0440208546098
0.823016369982 0.180376705664 0.182096682425
0.643458223653 0.0135407950442 0.320899039519
0.179869225178 0.374188540864 0.0023849923828
0.111336963269 0.878704788546 0.545151860863
0.477813678326 0.193057375932 0.52789364626
0.390697417229 0.914687095872 0.675197115002
0.747690793506 0.569405610417 0.812745478757
0.0466142595583 0.391220823844 0.0427850867415
0.0438108345927 0.0868954417216 0.202956323698
0.40396365962 0.332991833237 0.509240684698
0.735126078829 0.920883246792 0.107090465981
0.022171169259 0.759652207235 0.804979888192
0.424039575301 0.985896015473 0.866134109048
0.839411328771 0.678002547737 0.0432802466234
0.851215248874 0.916169546745 0.715307885705
0.070663017786 0.950313254506 0.822565263183
0.657113689261 0.614466093897 0.383797137468
0.293620920877 0.636495816989 0.807001756113
0.105369687565 0.834012744996 0.844299459633
0.578668101807 0.198463954487 0.740373841798
0.389101906316 0.44054921097 0.460802014346
0.73617263337 0.0910963987107 0.0189303308884
0.966150609211 0.171222067349 0.81518343542
0.562000588349 0.665454405608 0.142652111306
0.716205428789 0.659071722962 0.860161742126
0.546351465612 0.146567376378 0.0776433639499
0.910962325245 0.20978597843 0.767972041653
0.291813695166 0.460613190159 0.678617177212
0.842767021727 0.215709558799 0.0368051302456
0.461448066757 0.4033318438 0.301657258914
0.709589557702 0.852382612172 0.442457209458
0.938539421306 0.845148114389 0.430612025715
0.0484621776912 0.480897459311 0.11050114436
0.45733986262 0.693523282455 0.784054383819
0.53876123087 0.648594311762 0.247532519731
0.0242510138149 0.969060401895 0.514196577682
0.254129590977 0.417743074694 0.0453084538671
0.487929328798 0.456075711057 0.847046669568
